1111111111111111111111111111111111111111111111111111111111111111111111111111111111111111111111111111111111111111111111111111111111111111111111111111111111111111111111111111111111111111111111111111111111111111111
1111111111111111111111111111111111111111111111111111111111111111111111111111111111111111111111111111111111111111111111111111111111111111111111111111111111111111111111111111111111111111111111111111111111111111111
1111111111111111111111111111111111111111111111111111111111111111111111111111111111111111111111111111111111111111111111111111111111111111111111111111111111111111111111111111111111111111111111111111111111111111111
1111111111111111111111111111111111111111111111111111111111111111111111111111111111111111111111111111111111111111111111111111111111111111111111111111111111111111111111111111111111111111111111111111111111111111111
1111111111000111111111111111111111111111111111111111111111111111111111100011111111111100000001111111111111111111111111111111111111111111111111111111111111111111111111111111111111111111111111111111111111111111111
1111111111000111111111111111111111111111111111111111111111111111111111100011111111000000000001111111111111111111111111111111111111111111111111111111111111111111111111111111111111111111111111111111111111111111111
1111111111000111111111111111111111111111111111111111111111111111111111100011111000000000000000111111111111111111111111111111111111111111111111111111111111111111111111111111111111111111111111111111111111111111111
1111111111000011111111111111111111111111111111111111111111111111111111100011000000000000000000111111111111111111111111111111111111111111111111111111111111111111111111111111111111111111111111111111111111111111111
1111111111000011111111111111111111111111111111111111111111111111111111100000000000000000000000111111111111111111111111111111111111111111111111111111111111111111111111111111111111111111111111111111111111111111111
1111111111100011111111111111111111111111111111111111111111111111111100000000000000000000100000011111111111111111111111111111111111111111111111111111111111111111111111111111111111111111111111111111111111111111111
1111111111100011111111111111111111111111111111111111111111111111100000000000000000000111100000011111111111111111111111111111111111111111111111111111111111111111111111111111111111111111111111111111111111111111111
1111111111100011111111111111111111111111111111111111111111111100000000000000000001111111100000011111111111111111111111111111111111111111111111111111111111111111111111111111111111111111111111111111111111111111111
1111111111100001111111111111111111111111111111111111111111000000000000000000001111111111110000011111111111111111111111111111111111111111111111111111111111111111111111111111111111111111111111111111111111111111111
1111111111100001111111111111111111111111111111111111111000000000000000000001111111111111110000001111111111111111111111111111111111111111111111111111111111111111111111111111111111111111111111111111111111111111111
1111111111110001111111111111111111111111111111111111000000000000000000011111111111111111110000001111111111111111111111111111111111111111111111111111111111111111111111111111111111111111111111111111111111111111111
1111111111110001111111111111111111111111111111110000000000000000000011111111111111111111111000001111111111111111111111111111111111111111111111111111111111111111111111111111111111111111111111111111111111111111111
1111111111110001111111111111111111111111111110000000000000000000111111111111111111111111111000000111111111111111111111111111111111111111111111111111111111111111111111111111100000000000111111111111111111111111111
1111111111110000111111111111111111111111100000000000000000000111111111111111111111111111111000000111111111111111111111111111111111111111111111111111111111111111111111111110000000000000011111111111111111111111111
1111111111111000111111111111111111111100000000000000000001111111111111111111111111111111111000000011111111111111111111111111111111111111111111111111111111111111111111111100000000000000001111111111111111111111111
1111111111111000111111111111111111000000000000000000000011111111111111111111111111111111111000000011111111111111111111111111111111111111111111111111111111111111111111111000000000000000000011111111111111111111111
1111111111111000011111111111111000000000000000001111000011111111111111111111111111111111111100000011111111111111111111111111111111111111111111111111111111111111111111111000000111111100000011111111111111111111111
1111111111111100011111111111000000000000000000111111100001111111111111111111111111111111111100000011111111111111111111111111111111111111111111111111111111111111111111110000001111111111000001111111111111111111111
1111111111111100011111110000000000000000000011111111100001111111111111111111111111111111100000000001111111111111111111111111111111111111111111111111111111111111111111100000111111111111100001111110000000000111111
1111111111111100001110000000000000000000000001111111100001111111111111111111111111111000000000000001111111111111111111111111111111111111111111111111111111111111111111100000111111111111100000000000000000000000011
1111111111111100000000000000000000000111100001111111110000111111111111111111111110000000000000000001111111111111111111111111111111111111111111111111111111111111111111100001111110001111110000000000000000000000011
1111111111111100000000000000000001111111100001111111110000111111111111111111100000000000000000000001111111111111111111111111111111111111111111111111111111111111111111100001111000000111110000000000000000000000011
1111111111000000000000000000001111111111110000111111110000111111111111111000000000000000011110000000111111111111111111111111111111111111111111111111111111111111111111000011111000000011111000000100000000000111111
1111111000000000000000000001111111111111110000111111111000111111111110000000000000001111111111000000111111111111111111111111111111111111111111111111111111111111111111000011111000000000000000001111111111111111111
1111000000000000000000011111111111111111110000111111111000111111100000000000000001111111111111000000111111111111111111111111111111111111111111111111111111111111111111000011111000000000000000001111111111111111111
1110000000000000000011111111111111111111111000011111111111111000000000000000011111111111111111000000111111111111111111111111111111111111111111111111111111111111111111100011111000000000000000001111111111111111111
1110000000000000111111111111111111111111111000011111111110000000000000001111111111111111111111111000111111111111111111111111111111111111111111111111111111111111111111100001111100001111111100001111111111111111111
1110000000000111111111111111111111111111111000011111111100000000000011111111111111111111111111100000011111111111111111111111111111111111111111111111111111111111111111100001111110001111111100011111111111111111111
1110000001111111111111111111111111111111111000011111111100000001111111111111111111111111111111100000011111111111111111111111111111111111111111111111111111111111111111100000111110001111111100011111111111111111111
1110000001111111111111111111111111111111111100001111111100001111111111111111111111111111111111100000011111111111111111111111111111111111111111111111111111111111111111110000011110001111111100001111111111111111111
1110000001111111111111111111111111111111111100001111111111111111111111111111111111111111111111100000011111111111111111111111111111111111111111111111111111111111111111110000000110001111111100001111111111111111111
1111000001111111111111111111111111111111111100001111111111000111111111111111111111111111111111110000011111111111111111111111111111111111111111111111111111111111111111111000000000001111111100001111111111111111111
1111000000111111111111111111111111111111111110000111111111000111111111111111111111111111111111110000001111111111111111111111111111111111111111111111111111111111111111111100000000001111111100001111111111111111111
1111000000111111111111111111111111111111111110000111111111000011111111111111111111111111111111110000001111111111111111111111111111111111111111111111111111111111111111111110000000000000000000001111111111111111111
1111100000111111111111111111111111111111111110000111111111000011111111111111111111111111111111110000001111111111111111111111111111111111111111111111111111111111111111111111100000000000000000001111111111111111111
1111100000011111111111111111111111111111111111000011111111000011111111111111111111111111111111100000001111111111111111111111111111111111111111111111111111111111111111111111111110000000000000001111111111111111111
1111100000011111111111111111111111111111111111000011111111100001111111111111111111111111111000000000001111111111111111111111111111111111111111111111111111111111111111111111111111111111111110001111111111111111111
1111100000011111111111111111111111111111111111000011111111100001111111111111111111111111000000000000000111111111111111111111111111111111111111111111111111111111111111111111111111111111111110001111111111111111111
1111100000001111111111111111111111111111111111100001111111100001111111111111111111110000000000000000000111111111111111111111111111111111111111111111111111111111111111111111111111111111111110001111111111111111111
1111110000001111111111111111111111111111111111100001111111100001111111111111111110000000000000011100000111111111111111111111111111111111111111111111111111111111111111111111111111111111111110001111111111111111111
1111110000001111111111111111111111111111111111100001111111110000111111111111110000000000000011111100000111111111111111111111111111111111111111111111111111111111111111111111111111111111111110001111111111111111111
1111110000001111111111111111111111111111111111100001111111110000111111111100000000000000011111111100000011111111111111111111111111111111111111111111111111111111111111111111111111111111111110001111111111111111111
1111110000000111111111111111111111111111111111110000111111110000111111100000000000000111111111111100000011111111111111111111111111111111111111111111111111111111111111111111111111111111111110001111111111111111111
1111111000000111111111111111111111111111111111110000111111111000011100000000000000111111111111111100000011111111111111111111111111111111111111111111111111111111111111111111111111111111111110001111111111111111111
1111111000000111111111111111111111111111111111110000111111111000000000000000001111111111111111111110000011111111111111111111111111111111111111111111111111111111111111111111111111111111111110001111111111111111111
1111111000000111111111111111111111111111111111111000011111111000000000000011111111111111111111111110000011111111111111111111111111111111111111111111111111111111110001111111111111111000111100001111111111111111111
1111111000000011111111111111111111111111111111111000011111111100000000011111111111111111111111111110000001111111111111111000000000000011111111111000000000000000000000000000000000000000000000001111111111111111111
1111111100000011111111111111111111111111111111111000011111111100000011111111111111111111111111111110000001111111111111111000000000000011111111111000000000000000000000000000000000000000000000001111111111111111111
1111111100000011111111111111111111111111111111111100001111111111111111111111111111111111111111111110000001111111111111111000000000000011111111111000000000000000000000000000000000000000000000001111111111111111111
1111111100000011111111111111111111111111111111111100001111111111111111111111111111111111111111111111000011111111111111111000111111111111111111111111111111111111110001111111111111111111111110001111111111111111111
1111111100000001111111111111111111111111111111111100001111111111111111111111111111111111111111111111100001111111111111111000111111111111111111111111111111111111110001111111111111111111111110001111111111111111111
1111111110000001111111111111111111111111111111111110000111111111111111111111111111111111111111111111100001111111111111111111111111111111111111111111111111111111110001111111111111111111111110001111111111111111111
1111111110000001111111111111111111111111111111111110000111111111111111111111111111111111111111111111100001111111111111111111111111111111111111111111111111111111110001111111111111111111111110001111111111111111111
1111111110000001111111111111111111111111111111111110000111111111111111111111111111111111111111111111100001111111111111111111111111111111111111111111111111111111110001111111111111111111111110001111111111111111111
1111111111000001111111111111111111111111111111111111111111111111111111111111111111111111111111111111110001111111111111111111111111111111111111111111111111111111110001111111111111111111111110001111111111111111111
1111111111000000111111111111111111111111111111111111111111111111111111111111111111111111111111111111110001111111111111111111111111111111111111111111111111111111110001111111111111111111111110001111111111111111111
1111111111000000111111111111111111111111111111111111111111111111111111111111111111111111111111111111110001111111111111111111111111111111111111111111111111111111110001111111111111111111111110001111111111111111111
1111111111000000111111111111111111111111111111111111111111111111111111111111111111111111111111111111111111111111111111111111111111111111111111111111111111111111110001111111111111111111111110001111111111111111111
1111111111000000111111111111111111111111111111111111111111111111111111111111111111111111111111111111111111111111111111111111111111111111111111111111111111111111110001111111111111111111111110001111111111111111111
1111111111000011111111111111111111111111111111111111110001111111111111111111111111111111111111111111111111111111111111111000111111111111111111111111111111111111110001111111111111111111111110001111111111111111111
1111111111100000011111111111111111111111111111111110000001111111111111111111111111111111111111111111111111111000000000000000111111111111111111111111111111111111110001111111111111111111111110001111111111111111111
1111111111100000011111111111111111111111111110000000000001111111111111111111111111111111111111111111111111111000000000000000111111111111111111111111111111111111110001111111111111111111111110001111111111111111111
1111111111100000011111111111111111111111110000000000000001111111111111111111111111111111111111111111111111111000000000000000111111111111111111111111111111111111111111111111111111111111111110001111111111111111111
1111111111100000011111111111111111111111110000000000000111111111111111111111111111111111111111111111111111111111111111111000111111111111111111111111111111111111111111111111111111111111111110001111111111111111111
1111111111100000001111111111111111111111110000000111111111111111111111111111111111111111111111111111111111111111111111111000111111111111111111111111111111111111110001111111111111111111111110001111111111111111111
1111111111110000001111111111111111111111110000111111111111111111111111111111111111111111111111111111111111111111111111111111111111111111111111111111111111111111110000000000000000000000000000001111111111111111111
1111111111110000001111111111111111111111110001111111111111111111111111111111111111111111111111111111111111111111111111111111111111111111111111111111111111111111110000000000000000000000000000001111111111111111111
1111111111110000001111111111111111111111110000111111111111111111111111111111111111111111111111111111111111111111111111111111111111111111111111111111111111111111110000000000000000000000000000001111111111111111111
1111111111110000001111111111111111111111110000111111111111111111111111111111111111111111111111111111111111111111111111111111111111111111111111111111111111111111110000000000000000000000000000001111111111111111111
1111111111110000111111111111111111111111111000111111111111111111111111111111111111111111111111111111111111111111111111111111111111111111111111111111111111111111110001111111111111111111111110001111111111111111111
1111111111110000111111111111111111111111111000111111111111111111111111111111111111111111111111111111111111111111111111111000111111111111111111111111111111111111110001111111111111111111111110001111111111111111111
1111111111111000000111111111111111111111111000111111111111111111111111111111111111111111111111111111111111111111111111111000111111111111111111111111111111111111111111111111111111111111111110001111111111111111111
1111111111111000000111111111111111111111111000111111111111111111111111111111111111111111111111111111111110000011000000000000111111111111111111111111111111111111110001111111111111111111111110001111111111111111111
1111111111111000000111111111111111111111111000111111111111111111111111111111111111111111111111111111111000000011000000000000111111111111111111111111111111111111110001111111111111111111111110001111111111111111111
1111111111111000000111111111111111111111111000111111111111100000011111111111111111111111111111111111111000000011000000000000111111111111111111111111111111111111110000000000000000000000000000001111111111111111111
1111111111111100000111111111111111111111111000111111111110000000011111111111111111111111111111111111111000000011000000000000111111111111111111111111111111111111110000000000000000000000000000001111111111111111111
1111111111111100000111111111111111111111111000111111111110000000011111111111111111111111111111111111111000000111111111111000111111111111111111111111111111111111110000000000000000000000000000001111111111111111111
1111111111111100000011111111111111111111111000011111111110000000011111111111111111111111111111111111111000000111111111111000111111111111111111111111111111111111110000001111110001111111110000001111111111111111111
1111111111111100000011111111111111111111111000011111111111000000011111100001111111111111111111111111111000000011111111111000111111111111111111111111111111111111111111111111111111111111111110001111111111111111111
1111111111111100000011111111111111111111111000011111111111000000011111100001111111111111111111111111111111000011111111111000111111111111111111111111111111111111111111111111111111111111111110001111111111111111111
1111111111111100000011111111111111111111111000001100000000000000011111100001111111111111111111111111111111000011111111111000111000000111111111111111111111111111110000000111111111111111111110001111111111111111111
1111111111111100000011111111111111111111111000001100000000000000011111110001111111111111111111111111111111000011111111111000111000000111111111111111111111111111110000000111111111111111111110001111111111111111111
1111111111111110001111111111111111111111111000001100000000000011111111110000111111111111111111111111111111000011111111111000111000000111111111111111111111111111110000000111111111111111111110001111111111111111111
1111111111111110000001111111111111111111111100001110001111110001111111110000111111111111111111111111111111100011111111111000111000000111111111111111111111111111110000000111111111111111111110001111111111111111111
1111111111111110000001111111111111111111111100011110001111110001111111110000111111111111111111111111111111100011111111111000111000000111111111111111111111111111110000000111111111111111111110001111111111111111111
1111111111111110000001111111111111111111111100011110001111110001111111111000111111111111111111111111111111100011111111111000111000000111111111111111111111111111110000000111111111111111111110001111111111111111111
1111111111111110000001111111111111111111111100011110001111110001111111111000111111111111111111111111111111100001111111111000111000000111111111111111111111111111110000000111111111111111111110001111111111111111111
1111111111111110000001111111111111111111111100001110001111110000000000000000111111111111111111111111111111100001111111111000111111111111111111111111111111111111110001111111111111111111111110001111111111111111111
1111111111111110000001111111111111111111111100001110001111110000000000000000111111111111111111111111111111100001111111111000111111111111111111111111111111111111110001111111111111111111111110001111111111111111111
1111111111111111000000111111111111111111111100001110000111110000000000000000111111111111111111111111111111100001111111110000111111111111111111111111111111111111110001111111111111111111111110001111111111111111111
1111111111111111000000111111111111111111111100001110000110000000000000011000111111111111111111111111111111110001111100000000111111111111111111111111111111111111110001111111111111111111111110001111111111111111111
1111111111111111000000111111111111111111111100001111000000000000001111111000111111111111111111111111111111110001111100000000111111111111111111111111111111111111110001111111111111111111111110001111111111111111111
1111111111111111000000111111111111111111111100001111000000000000000111111000011111111111111111111111111111110001111100000000111111111111111111111111111111111111110001111111111111111111111110001111111111111111111
1111111111111111000000111111111111111111111100001111000001111000000001111000011111111111111111111111111111000000111100000000000000000000011111100000000000000000000000000000000001111111111110001111111111111111111
1111111111111111000000111111111111111111111110001111111111111110000001111000011111111111111111111111111111000000000000000000000000000000000000000000000000000000000000000000000000000000000000001111111111111111111
1111111111111111000000111111111111111111111110001111111111111111000001111000011111111111111111111111111111000000000000000000000000000000000000000000000000000000000000000000000000000000000000001111111111111111111
1111111111111111000000111111111111111111111110001111111111000000000001111000011111111111000111111111111111000000000000000000000000000000000000000000000000000000000000000000000000000000000000001111111111111111111
1111111111111111100000111111111111111111111110000000000000000000000001111000011111110000000111111111111111000000000000000000000000000000000000000000000000000000000000000000000000000000000000001111111111111111111
1111111111111111100000111111111111111111111110000000000000000000000001111000011111110000000011111111111111000000111111111111111111111111111111111111111111111111111111111111111111111111111110001111111111111111111
1111111111111111100000111111111111111111111110000000000000000111100001111100011111110000000011111111111111000000111111111111111111111111111111111111111111111111111111111111111111111111111110001111111111111111111
1111111111111111100000111111111111111111111110000000000011000111110001111100011111110000000011111111111111000000111111111111111111111111111111111111111111111111111111111111111111111111111110001111111111111111111
1111111111111111100000011111111111111111111111111111000011111111110001111100011111110000000011111100000000000000111111111111111111111111111111111111111111111111111111111111111111111111111110001111111111111111111
1111111111111111100000011111111111111111111111111111000011111111110001111100011111110000000000000000000000000000111111111111111111111111111111111111111111111111111111111111111111111111111110000111111111111111111
1111111111111111100000011111111111111111111111111111100011111111110001111100011111110000000000000000000000000000111111111111111111111111111111111111111111111111111111111111111111111111111100000111111111111111111
1111111111111111100000011111111111111111111111111111111111111111110001111100001111110000000000000000000000000000111111111111111111111111111111111111111111111111111111111111111111111111111100000111111111111111111
1111111111111111100000011111111111111111111111111111111111111111110000111100001111110000000000000111111111100000011111111111111111111111111111111111111111111111111111111111111111111111111100001111111111111111111
1111111111111111100001111111111111111111111111111111100011111111110000111100001111111111111111111111111111100000011111111111111111111111111111111111111111111111111111111111111111111111111100011111111111111111111
1111111111111111100000011111111111111111111111111111100011111111110000111100001111111111111111111111111111100000011111111111111111111111111111111111111111111111111111111111111111111111111100011111111111111111111
1111111111111111100000011111111111111111111111111111100011111111110000111100001111110001111111111111111111100000011111111111111111111111111111111111111111111111111111111111111111111111111100001111111111111111111
1111111111111111100000011111111111111111111111111111100011111111110000111100001111110001111111111111111111111000011111111111111111111111111111111111111111111111111111111111111111111111111100001111111111111111111
1111111111111111110001111111111111111111111111111111111111111111110000111100001111110001111111111111111111100000011111111111111111111111111111111111111111111111111111111111111111111111111100001111111111111111111
1111111111111111110001111111111111111111111111111111111111111111111000111100001111110000111111111111111111100000011111111111111111111111111111111111111111111111111111111111111111111111111100001111111111111111111
1111111111111111110001111111111111111111111111111111111111000011111000111110001111110000111111111111111111100000011111111111111111111111111111111111111111111111111111111111111111111111111110001111111111111111111
1111111111111111110000001111111111111111111111111111111111000011111000111110001111110000111111111111111111100000011111111111111111111111111111111111111111111111111111111111111111111111111100001111111111111111111
1111111111111111110000001111111111111111111111111111111111000011111111111110001111110000000000000000000000000000011111111111111111111111111111111111111111111111111111111111111111111111111100001111111111111111111
1111111111111111110000001111111111111111111111111111111111100011111111111110001111110000000000000000000000000000011111111111111111111111111111111111111111111111111111111111111111111111111100001111111111111111111
1111111111111111110000001111111111111111111111111111111111111111111111111100001111110000000000000000000000000000011111111111111111111111111111111111111111111111111111111111111111111111111100011111111111111111111
1111111111111111110000001111111111111111111111111111111111111110000000000000001111110000100000001111111111100000011111111111111111111111111111111111111111111111111111111111111111111111111100011111111111111111111
1111111111111111110000001111111111111111111111111111100000000000000000000000001111111111111111111111111111111100011111111111111111111111111111111111111111111111111111111111111111111111111100001111111111111111111
1111111111111111110000001111111111111111111111111111100000000000000000000000001111111000111111111111111111110000011111111111111111111111111111111111111111111111111111111111111111111111111100001111111111111111111
1111111111111111110000001111111111111111111111111111100000000000000000000000001111111000000001111111111111110000011111111111111111111111111111111111111111111111111111111111111111111111111100001111111111111111111
1111111111111111111000001111111111111111111111111111100000000000000000000000001111111000000001111111111111110000011111111111111111111111111111111111111111111111111111111111111111111111111100001111111111111111111
1111111111111111111000001111111111111111111111111111110001111111111111111110001111111000000001111111111111110000011111111111111111111111111111111111111111111111111111111111111111111111111110001111111111111111111
1111111111111111111000001111111111111111111111111111100001111111111111111110001111111000000001111111111111110000011111111111111111111111111111111111111111111111111111111111111111111111111110001111111111111111111
1111111111111111111000000000000000000000000000000000000001111111111111111110001111111111110001111111111111110000011111111111111111111111111111111111111111111111111111111111111111111111111110001111111111111111111
1111111111111111111000000000000000000000000000000000000001111111111111111110001111111000110001111111111111110000011111111111111111111111111111111111111111111111111111111111111111111111111110001111111111111111111
1111111111111111110000000000000000000000000000000000000001111111111111111110000111111000110001111111111111110000001111111111111111111111111111111111111111111111111111111111111111111111111100001111111111111111111
1111111111111111110000000000000000000000000000000000000001111111111111111110000111111000110001111111111111100000001111111111111111111111111111111111111111111111111111111111111111111111111100001111111111111111111
1111111111111111110000001111111111111111111111111111110001111111111111111110000111111000110000000000000000000000001111111111111111111111111111111111111111111111111111111111111111111111111100001111111111111111111
1111111111111111110000001111111111111111111111111111110001111111111111111110000111111000110000000000000000000000001111111111111111111111111111111111111111111111111111111111111111111111111100001111111111111111111
1111111111111111110000001111111111111111111111111111110001111111111111111110000111111000110000000000000000000000001111111111111111111111111111111111111111111111111111111111111111111111111100011111111111111111111
1111111111111111111000001111111111111111111111111111110001111111111111111110000111111000111000000000000111100000001111111111111111111111111111111111111111111111111111111111111111111111111100011111111111111111111
1111111111111111111000001111111111111111111111111111110001111111111111111111111111111000111111111111111111111100001111111111111111111111111111111111111111111111111111111111111111111111111100001111111111111111111
1111111111111111111000001111111111111111111111111111110001111111111111111111111111111000111111111111111111111100001111111111111111111111111111111111111111111111111111111111111111111111111100001111111111111111111
1111111111111111111000001111111111111111111111111111110001111111111111111111111111111000111111111111111111111100001111111111111111111111111111111111111111111111111111111111111111111111111100001111111111111111111
1111111111111111111000001111111111111111111111111111110001111111111111111111111111111000111111111111111111111100001111111111111111111111111111111111111111111111111111111111111111111111111110001111111111111111111
1111111111111111111000001111111111111111111111111111110001111111111111111111111111111000111111111111111111111100001111111111111111111111111111111111111111111111111111111111111111111111111110001111111111111111111
1111111111111111111000001111111111111111111111111111110001111111111111111110001111111000111111111111111111111100001111111111111111111111111111111111111111111111111111111111111111111111111100001111111111111111111
1111111111111111111000001111111111111111111111111111110001111111111111111110001111111000111111111111111111111100001111111111111111111111111111111111111111111111111111111111111111111111111100001111111111111111111
1111111111111111111000001111111111111111111111111111110001111111111111111110001111111000111111111111111111111100001111111111111111111111111111111111111111111111111111111111111111111111111100001111111111111111111
1111111111111111111000001111111111111111111111111111110001111111111111111110001111111000111111111111111111111100001111111111111111111111111111111111111111111111111111111111111111111111111100011111111111111111111
1111111111111111111000001111111111111111111111111111110001111111111111111110001111111000111111111111111111111100001111111111111111111111111111111111111111111111111111111111111111111111111100011111111111111111111
1111111111111111111000001111111111111111111111111111110001111111111111111110000111110000000000000000000000000000001111111111111111111111111111111111111111111111111111111111111111111111111100001111111111111111111
1111111111111111111000001111111111111111111111111111100001111111111111111110000111110000000000000000000000000000001111111111111111111111111111111111111111111111111111111111111111111111111100001111111111111111111
1111111111111111111000001111111111111111111111111111100001111111111111111110000111110000000000000000000000000000011111111111111111111111111111111111111111111111111111111111111111111111111100001111111111111111111
1111111111111111111000001111111111111111111111111111100001111111111111111110000111110000000000000000000000000000011111111111111111111111111111111111111111111111111111111111111111111111111110001111111111111111111
1111111111111111111000001111111111111111111111111111100001111111111111111110001111111000111111111111111111110000011111111111111111111111111111111111111111111111111111111111111111111111111110001111111111111111111
1111111111111111111000001111111111111111111111111111100001111111111111111110001111111000111111111111111111110000011111111111111111111111111111111111111111111111111111111111111111111111111110001111111111111111111
1111111111111111110000001111111111111111111111111111100001111111111111111110001111111000111111111111111111110000011111111111111111111111111111111111111111111111111111111111111111111111111110001111111111111111111
1111111111111111110000001111111111111111111111111111100001111110001111111110001111111000111111111111111111110000011111111111111111111111111111111111111111111111111111111111111111111111111110001111111111111111111
1111111111111111110000001111111111111111111111111111100000000000000000000000001111111000111111111111111111110000011111111111111111111111111111111111111111111111111111111111111111111111111100001111111111111111111
1111111111111111110000111111111111111111111111111111100000000000000000000000001111111000111111111111111111110000011111111111111111111111111111111111111111111111111111111111111111111111111100001111111111111111111
1111111111111111110001111111111111111111111111111111100010000000000000000000001111111000111111111111111111111100011111111111111111111111111111111111111111111111111111111111111111111111111100001111111111111111111
1111111111111111110000001111111111111111111111111111100011111111111111110001111111111000111111111111111111111100011111111111111111111111111111111111111111111111111111111111111111111111111100011111111111111111111
1111111111111111110000001111111111111111111111111111100011111111111111111111111111111111111111111111111111100000011111111111111111111111111111111111111111111111111111111111111111111111111100011111111111111111111
1111111111111111110000001111111111111111111111111111100011111111111110001111111111111111111111111111111111100000011111111111111111111111111111111111111111111111111111111111111111111111111100001111111111111111111
1111111111111111110000001111111111111111111111111111100000011000111110001100001111111111111111111111111111100000011111111111111111111111111111111111111111111111111111111111111111111111111100001111111111111111111
1111111111111111110000001111111111111111111111111111100000000000000000001100001111111111111111111111111111100000011111111111111111111111111111111111111111111111111111111111111111111111111100001111111111111111111
1111111111111111110000001111111111111111111111111111100000000000000000001100001111111000000111111111111111100000011111111111111111111111111111111111111111111111111111111111111111111111111100001111111111111111111
1111111111111111110001111111111111111111111111111111100000000000000000001111111111110000000111111111111111100000011111111111111111111111111111111111111111111111111111111111111111111111111110000111111111111111111
1111111111111111110001111111111111111111111111111111100011111000111000001111111111110000000111111111111111100000011111111111111111111111111111111111111111111111111111111111111111111111111110000111111111111111111
1111111111111111110001111111111111111111111111111111100011111000111100001111111111110000000111111111111111111000011111111111111111111111111111111111111111111111111111111111111111111111111100000111111111111111111
1111111111111111100001111111111111111111111111111111000011111000111100001100011111110000000111111111111111111000011111111111111111111111111111111111111111111111111111111111111111111111111100011111111111111111111
1111111111111111100001111111111111111111111111111111000011111000111100001100011111110000000111111111111111100000011111111111111111111111111111111111111111111111111111111111111111111111111100011111111111111111111
1111111111111111100001111111111111111111111111111111000011111000111100001100011111110000000111111111111111100000011111111111111111111111111111111111111111111111111111111111111111111111111100011111111111111111111
1111111111111111100000011111111111111111111111111111000111110000111100011111111111110001111111111111111111100000011111111111111111111111111111111111111111111111111111111111111111111111111100011111111111111111111
1111111111111111110000011111111111111111111111111111000111110000111100011111111111110001111111111111111111100000011111111111111111111111111111111111111111111111111111111111111111111111111100001111111111111111111
1111111111111111110000011111111111111111111111111111000111110000111100011100011111110001111111111111111111100000111111111111111111111111111111111111111111111111111111111111111111111111111100001111111111111111111
1111111111111111100000011111111111111111111111111111000111110001111100011100011111100001111111111111111111100000111111111111111111111111111111111111111111111111111111111111111111111111111100001111111111111111111
1111111111111111100000011111111111111111111111111111000111110001111100011000011111100001111111111111111111100000111111111111111111111111111111111111111111111111111111111111111111111111111110001111111111111111111
1111111111111111100000111111111111111111111111111111000111110001111100000000011111100001111111111111111111100000111111111111111111111111111111111111111111111111111111111111111111111111111110001111111111111111111
1111111111111111100000111111111111111111111111111111000111110000111000000000011111100001111111111111111111000000111111111111111111111111111111111111111111111111111111111111111111111111111110001111111111111111111
1111111111111111100000011111111111111111111111111111000111110000000000000000011111100001111111111111111111000000111111111111111111111111111111111111111111111111111111111111111111111111111110001111111111111111111
1111111111111111100000011111111111111111111111111110000111110000000000000000111111100001111111111111111111000000111111111100000000001110000000000111000000000011100000000000000011111111111100001111111111111111111
1111111111111111100000011111111111111111111111111110000111110000000000011111111111100011111111111111111111000000000000000000000000000000000000000000000000000000000000000000000000000000000000001111111111111111111
1111111111111111100011111111111111111111111111111110000111110000000011111111111111100011111111111111111111000000000000000000000000000000000000000000000000000000000000000000000000000000000000001111111111111111111
1111111111111111000000111111111111111111111111111110001111111100000000001111111111100011111111111111111111000000000000000000000000000000000000000000000000000000000000000000000000000000000000001111111111111111111
1111111111111111000000111111111111111111111111111110001111111110000000000000111111100011111111111111111111111111111111111100000000011111111111111111100000000011110000000000000011111111111110001111111111111111111
1111111111111111000000111111111111111111111111111110000000000001000000000000111111100011111111111111111111111111111111111111111111111111111111111111111111111111111111111111111111111111111110001111111111111111111
1111111111111111000000111111111111111111111111111110000000000000000111110000111111100011111111111111111111111111111111111111111111111111111111111111111111111111111111111111111111111111111110001111111111111111111
1111111111111111000000111111111111111111111111111110000000000000000111110000111111000011111111111111111111111111111111111111111111111111111111111111111111111111111111111111111111111111111110001111111111111111111
1111111111111111000000111111111111111111111111111110000000000000000111110000111111000011111111111111111111111111111111111111111111111111111111111111111111111111111111111111111111111111111110001111111111111111111
1111111111111111000000111111111111111111111111111100001111110000000111110000111111000011111111111111111111111111111111111111111111111111111111111111111111111111111111111111111111111111111110001111111111111111111
1111111111111110000001111111111111111111111111111100001111111110001111110001111111000111111111111111111111111111111111111111111111111111111111111111111111111111111111111111111111111111111110001111111111111111111
1111111111111110000001111111111111111111111111111100001111111110001111110001111111000111111111111111111111111111111111111111111111111111111111111111111111111111111111111111111111111111111110001111111111111111111
1111111111111110000001111111111111111111111111111100011111111110001111110001111111000111111111111111111111111111111111111111111111111111111111111111111111111111111111111111111111111111111110001111111111111111111
1111111111111110000001111111111111111111111111111100011111111110001111110001111111000111111111111111111111111111111111111111111111111111111111111111111111111111111111111111111111111111111110001111111111111111111
1111111111111110000001111111111111111111111111111000001111111110001111100001111111000111111111111111111111111111111111111111111111111111111111111111111111111111111111111111111111111111111110001111111111111111111
1111111111111110000001111111111111111111111111111000001111110000001111100001111110000111111111111111111111111111111111111111111111111111111111111111111111111111111111111111111111111111111110001111111111111111111
1111111111111110000001111111111111111111111111111000001111110000001111100001111110000111111111111111111111000111111111111111111111111111111111111111111111111111111111111111111111111111111110001111111111111111111
1111111111111110000011111111111111111111111111111000011111110000001111100011111110000111111111111111111111000111111111111111111111111111111111111111111111111111111111111111111111111111111110001111111111111111111
1111111111111110000011111111111111111111111111111000111111110000001111100011111110000111111111111111111110000111111111111111111111111111111111111111111111111111111111111111111111111111111110001111111111111111111
1111111111111110000011111111111111111111111111111000111111110000001111100011111110000111111111111111111110000111111111111111111111111111111111111111111111111111111111111111111111111111111110001111111111111111111
1111111111111100000011111111111111111111111111111000111111110000001111111111111110001111111111111111111110000111111111111111111111111111111111111111111111111111111111111111111111111111111110001111111111111111111
1111111111111100000011111111111111111111111111110000111111110000001111111111111110001111111111111111111110001111111111111111111111111111111111111111111111111111111111111111111111111111111110001111111111111111111
1111111111111100000111111111111111111111111111110000111111111100011111111111111110001111111111111111111110000000011111111111111111111111111111111111111111111111111111111111111111111111111110001111111111111111111
1111111111111000000111111111111111111111111111110000111111111111111111111111111100001111111111111111111110000000011111111111111111111111111111111111111111111111111111111111111111111111111110001111111111111111111
1111111111111000000111111111111111111111111111110000111111111111111111111111111100001111111111111111111111100000011111111111111111111111111111111111111111111111111111111111111111111111111110001111111111111111111
1111111111111000000111111111111111111111111111110001111111111111111111111111111100001111111111111111111111100000011111111111111111111111111111111111111111111111111111111111111111111111111110001111111111111111111
1111111111111000000111111111111111111111111111100001111111111111111111111111111100001111111111111111111111100000011111111111111111111111111111111111111111111111111111111111111111111111111110001111111111111111111
1111111111111000000111111111111111111111111111100000011111111111111111111111111100011111111111111111111111100000011111111111111111111111111111111111111111111111111111111111111111111111111110001111111111111111111
1111111111111000000111111111111111111111111111100000011111111111111111111111111000001111111111111111111111111111111111111111111111111111111111111111111111111111111111111111111111111111111110001111111111111111111
1111111111110000000111111111111111111111111111100000011111000000001111111111111000000011111111111111111111111111111111111111111111111111111111111111111111111111111111111111111111111111111110001111111111111111111
1111111111110000001111111111111111111111111111111000011111000000000011111111111000000001111111111111111111111111111111111111111111111111111111111111111111111111111111111111111111111111111110001111111111111111111
1111111111110000001111111111111111111111111111111111111111000000000001111111111000000000111111111111111111111111111111111111111111111111111111111111111111111111111111111111111111111111111110001111111111111111111
1111111111110000001111111111111111111111111111111111111111111110000000111111111111100000011111111111111111111111111111111111111111111111111111111111111111111111111111111111111111111111111110001111111111111111111
1111111111110000001111111111111111111111111111111111111111111111100000001111111111110000001111111111111111111111111111111111111111111111111111111111111111111111111111111111111111111111111110001111111111111111111
1111111111110000001111111111111111111111111111111111111111111111110000000111111111111000000011111111111111111111111111111111111111111111111111111111111111111111111111111111111111111111111110001111111111111111111
1111111111100000011111111111111111111111111111111111111111111111111000000000011111111100000001111111111111111111111111111111111111111111111111111111111111111111111111111111111111111111111110001111111111111111111
1111111111100000011111111111111111111111111111111111111111111111111100000000011111111111000000111111111111111111111111111111111000000000000000000000000000000000000000000000000000000000000000001111111111111111111
1111111111100000011111111111111111111111111111111111111111111111111110000000011111111111100000011111111111111111111111111111110000000000000000000000000000000000000000000000000000000000000000001111111111111111111
1111111111100000011111111111111111111111111111111111111111111111111111100000011111111111110000000111111111111111111111111111110000000000000000000000000000000000000000000000000000000000000000001111111111111111111
1111111111100000011111111111111111111111111111111111111111111111111111110000000111111111111000000011110001111111111111111111110000000000000000000000000000000000000000000000000000000000000000001111111111111111111
1111111111100000111111111111111111111111111111111111111111111111111111111000000011111111111100000001110001111111111111111111110001111111111111111111111111111111111111111111111111111111111110001111111111111111111
1111111111000000111111111111111111111111111111111111111111111111111111111100000001111111111111000000110001111111111111111111110001111111111111111111111111111111111111111111111111111111111110001111111111111111111
1111111111000000111111111111111111111111111111111111111111111111111111111111000000111111111111100000000001111111111111111111110001111111111000111111111111111111111111111111111111111111111110001111111111111111111
1111111111000000111111111111111111111111111111111111111111111111111111111111100000001111111111110000000001111111111111111111110001111111111000111111111111111111111111111111111111111111111110001111111111111111111
1111111110000001111111111111111111111111111111111111111111111111111111111111110000000111111111111000000000000000000000000111110001111111111000111111111111111111111111111111111111111111111110001111111111111111111
1111111110000001111111111111111111111111111111111111111111111111111111111111111000000011111111111100000000000000000000000111110001111111111000111111111111111111111111111111111111111111111110001111111111111111111
1111111110000001111111111111111111111111111111111111111111111111111111111111111100000001111111111111000000000000000000000111110001111111111000111111111111111111111111111111111111111111111110001111111111111111111
1111111110000001111111111111111111111111111111111111111111111111111111111111111111000000111111111111100000000000000000000111110001111111111000111111111111111111111111111111111111111111111110001111111111111111111
1111111100000001111111111111111111111111111111111111111111111111111111111111111111100000001111111111111111111111111111111111110001111111111000111111111111111111111111111111111111111111111110001111111111111111111
1111111100000011111111111111111111111111111111111111111111111111111111111111111111110000000111111111111111111111111111111111110001111111111000111111111111111111111111111111111111111111111110001111111111111111111
1111111100000011111111111111111111111111111111111111111111111111111111111111111111111000000011111111111111111111111111111111111111111111111000111111111111111111111111111111111111111111111110001111111111111111111
1111111100000011111111111111111111111111111111111111111111111111111111111111111111111110000000111111111111111111111111111111111111111111111000111111111111111111111111111111111111111111111110001111111111111111111
1111111000000011111111111111111111111111111111111111111111111111111111111111111111111111000000011111111111111111111111111111111111111111111000111111111111111111111111111111111111111111111110001111111111111111111
1111111000000111111111111111111111111111111111111111111111111111111111111111111111111111100000001111111111111111111111111111111111111111111000111111111111111111111111111111111111111111111110001111111111111111111
1111111000000111111111111111111111111111111111111111111111111111111111111111111111111111110000000111111111111111111111111111111111111111111000111111111111111111111111111111111111111111111110001111111111111111111
1111111000000111111111111111111111111111111111111111111111111111111111111111111111111111111000000011111111111111111111111111111111111111111000111111111111111111111111111111111111111111111110001111111111111111111
1111110000000111111111111111111111111111111111111111111111111111111111111111111111111111111110000001111111111111111111111111110001111111111000111111111111111111111111111111111111111111111110001111111111111111111
1111110000001111111111111111111111111111111111111111111111111111111111111111111111111111111111000000000000000000000111111111110000000000000000000000000000000000000000000000000000000000000000001111111111111111111
1111110000001111111111111111111111111111111111111111111111111111111111111111111111111111111111100000000000000000000000000000000000000000000000000000000000000000000000000000000000000000000000001111111111111111111
1111110000001111111111111111111111111111111111111111111111111111111111111111111111111111111111110000000000000000000000000000000000000000000000000000000000000000000000000000000000000000000000001111111111111111111
1111110000001111111111111111111111111111111111111111111111111111111111111111111111111111111111111000000000000000000000000000000000000000000000000000000000000000000000000000000000000000000000001111111111111111111
1111100000011111111111111111111111111111111111111111111111111111111111111111111111111111111111111000000000000000000100001111110000000000000000000000000000000000000000000000000000000000000000001111111111111111111
1111100000011111111111111111111111111111111111111111111111111111111111111111111111111111111111111000001111111111111100011111110001111111000011111111111111111111111111111111111111111111111110001111111111111111111
1111100000011111111111111111111111111111111111111111111111111111111111111111111111111111111111111000001111111111111100000000000001111111000011111111111111111111111111111111111111111111111110001111111111111111111
1111100000111111111111111111111111111111111111111111111111111111111111111111111111111111111111110000001111111111111100000000000001111111000111111111111111111111111111111111111111111111111100001111111111111111111
1111000000111111111111111111111111111111111111111111111111111111111111111111111111111111111111110000001111111111111100000000000001111111000111111111111111111111111111111111111111111111111100001111111111111111111
1111000000111111111111111111111111111111111111111111111111111111111111111111111111111111111111110000001111111111111111111111111111111111000111111111111111111111111111111111111111111111111100001111111111111111111
1111000000111111111111111111111111111111111111111111111111111111111111111111111111111111111111110000011111111111111111111111111111111111000111111111111111111111111111111111111111111111111100011111111111111111111
1110000001111111111111111111111111111111111111111111111111111111111111111111111111111111111111100000011111111111111111111111111111111111000111111111111111111111111111111111111111111111111100011111111111111111111
1110000001111111111111111111111111111111111111111111111111111111111111111111111111111111111111100000000111111111111111111111111111111111000111111111111111111111111111111111111111111111111100001111111111111111111
1110000000111111111111111111111111111111111111111111111111111111111111111111111111111111111111100000000000011111111111111111111111111111000111111111111111111111111111111111111111111111111100001111111111111111111
1110000000000001111111111111111111111111111111111111111111111111111111111111111111111111111111100000000000000001111111111111111111111111000011111111111111111111111111111111111111111111111100001111111111111111111
1110000000000000000111111111111111111111111111111111111111111111111111111111111111111111111111100000000000000000001111111111111111111111000000000000000000000000000000001111111111111111111110001111111111111111111
1110000000000000000001111111111111111111111111111111111111111111111111111111111111111111111111100000000000000000000111111111111111111111000000000000000000000000000000001111111111111111111110001111111111111111111
1111100000000000000000001111111111111111111111111111111111111111111111111111111111111111111111100000110000000000000111111111111111111111000000000000000000000000000000001111111111111111111110001111111111111111111
1111111100000000000000000001111111111111111111111111111111111111111111111111111111111111111111000011111111000000000111111111111111111111000000000000000000000000000000001111111111111111111100001111111111111111111
1111111111000000000000000000000111111111111111111111111111111111111111111111111111111111111111000111111111111000001111111111111111111111000011111111111111111111111110001111111111111111111100001111111111111111111
1111111111111000000000000000000000111111111111111111111111111111111111111111111111111111111111000111111111111000001111111111111111111111000011111111111111111111111110001111111111111111111100001111111111111111111
1111111111111110000000000000000000000001111111111111111111111111111111111111111111111111111111000111111111111000001111111111111111111111000011111111111111111111111110001111111111111111111100001111111111111111111
1111111111111110000111000000000000000000001111111111111111111111111111111111111111111111111111000111111111111000001111111111111111111111000011111111111111111111111110001111111111111111111100011111111111111111111
1111111111111100001111111000000000000000000001111111111111111111111111111111111111111111111110001111111111111000011111111111111111111111000011111111111111111111111110001111111111111111111100011111111111111111111
1111111111111100001111111111000000000000000000000111111111111111111111111111111111111111111110001111111111111000011111111111111111111111000011111111111111111111111110001111111111111111111100001111111111111111111
1111111111111100001111111111111100000000000000000000111111111111111111111111111111111111111110001111111111111111111111111111111111111111000011111111111111111111111110001111111111111111111100001111111111111111111
1111111111111000001111111111111111100000000000000000000111111111111111111111111111111111111100001111111111111111111111111111111111111111000011111111111111111111111110001111111111111111111100001111111111111111111
1111111111111000011111111111111111111100000000000000000100001111111111111111111111111111111100011111111111111111111111111111111111111111000011111111111111111111111110001111111111111111111110001111111111111111111
1111111111111000011111111111111111111111100000000000000100000011111111111111111111111111111100011111111111111111111111111111111111111111000011111111111111111111111111111111111111111111111110001111111111111111111
1111111111111000011111111111111111111111111100000000000000000000011111111111111111111111111000011111111111100001111111111111111111111111000111111111111111111111111111111111111111111111111100001111111111111111111
1111111111110000111111111111000011111111111111110000000000000000000001111111111111111111111000000111111111100001111111111111111111111111000111111111111111111111111111111111111111111111111100001111111111111111111
1111111111110000111111111110000000001111111111111110000000000000000000001111111111111111110000000000111111000001111111111111111111111111000111111111111111111111111111111111111111111111111100001111111111111111111
1111111111110000011111111110000000000001111111111111110000000000000000000000011111111111110000000000000001000001111111111111111111111111000111111111111111111111111111111111111111111111111100001111111111111111111
1111111111110000000011111110000000000000000111111111111111000000000000000000000011111111110000000000000000000001111111111111111111111111000111111111111111111111111111111111111111111111111100011111111111111111111
1111111111110000000000001100000000000000000000111111111111111110000000000000000000011111100000000000000000000011111111111111111111111111000111111111111111111111111111111111111111111111111100011111111111111111111
1111111111110000000000000000001111000000000000000111111111111111110000000000000000000011100000010000000000000011111111111111111111111111000111111111111111111111111111111111111111111111111100001111111111111111111
1111111111111110000000000000001111111000000000000111111111111111111110000000000000000000000000011111000000000011111111111111111111111111000111111111111111111111111111111111111111111111111100001111111111111111111
1111111111111111110000000000001111111111100000000111111111111111111111110000000000000000000000111111111100000011111111111111111111111111000111111111111111111111111111111111111111111111111100001111111111111111111
1111111111111111111111000000001111111111111100000111111111111111111111111100000000000000000000111111111111111111111111111111111111111111000111111111111111111111111111111111111111111111111100001111111111111111111
1111111111111111111111111000011111111111111111111111111111111111111111111111110000000000000000111111111111111111111111111111111111111111000111111111111111111111111111111111111111111111111110001111111111111111111
1111111111111111111111111111111111111111111111111111111111111111111111111111111111100000000001111111111111111111111111111111111111111111000111111111111111111111111111111111111111111111111110001111111111111111111
1111111111111111111111111111111111111111111111111111111111111111111111111111111111111110000001111111111111111111111111111111111111111111000111111111111111111111111111111111111111111111111110000111111111100000111
1111111111111111111111111111111111111111111111111111111111111111111111111111111111111111100001111111111111111111111111111111111111111111000111111111111111111111111111111111111111111111111100000000000000000000011
1111111111111111111111111111111111111111111111111111111111111111111111111111111111111111100001111111111111111111111111111111111111111111000111111111111111111111111111111111111111111111111100000000000000000000011
1111111111111111111111111111111111111111111111111111111111111111111111111111111111111111100001111111111111111111111111111111111111111111000111111111111111111111111111111111111111111111111100000000000000000000011
1111111100000011111111111111111111111111111111111111111111111111111111111111111111000111000011111111111111111111111111111111111111111111000111111111111111111111111111111111111111111111111100011111111000011111111
1111111100000000000000000000000000000000000000000000000000000000000000000000000000000000000011111111111111111111111111111111111111111111000111111111111111111111111111111111111111111111111100011111111100011111111
1111111100000000000000000000000000000000000000000000000000000000000000000000000000000000000011111111111111111111111111111111111111111111000111111111111111111111111111111111111111111111111100011111111100011111111
1111111100000000000000000000000000000000000000000000000000000000000000000000000000000000000111111111111111111111111111111111111111111111000111111111111111111111111111111111111111111111111100011111111100011111111
1111111111111111111111111111111111111111111111111111111111111111111111111111111111111111000111111111111111111111111111111111111111111111000111111111111111110000000000000000000000000000000000011111111100011111111
1111111111111111111111111111111111111111111111111111111111111111111111111111111111111110000111111111111111111111111111111111111111111111000111111111111111100000000000000000000000000000000000011111111100011111111
1111111111111111111111111111111111111111111111111111111111111111111111111111111111111110001111111111111111111111111111111111111111111111000111111111111111100000000000000000000000000000000000011111111100011111111
1111111111111111111111111111111111111111111111111111111111111111111111111111111111111110001111111111111111111111111111111111111111111111000111111111111111100000000000000000000000000000000000011111111100011111111
1111111111111111111111111111111111111111111111111111111111111111111111111111111111111110001111111111111111111111111111111111111111111111000011111111111111111111111111111111111111111111111100011111111100011111111
1111111100000000000000000000000000000000000000000000000000000000000000000000000000000000000000000000000000000000000000000000000000000000000011111111111111111111111111111111111111111111111100011111111100011111111
1111111100000000000000000000000000000000000000000000000000000000000000000000000000000000000000000000000000000000000000000000000000000000000011111111111111111111111111111111111111111111111100011111111100011111111
1111111100000000000000000000000000000000000000000000000000000000000000000000000000000000000000000000000000000000000000000000000000000000000011111111111111111111111111111111111111111111111100011111111100011111111
1111111100000000000000000000000000000000000000000000000000000000000000000000000000000000000000000000000000000000000000000000000000000000000111111111111111111111111111111111111111111111111100011111111100011111111
1111111111111111111111111111111111111111111111111111111111111111111111111111111111111111111111111111111111111111111111111111111111111111111111111111111111100000000000000000000000000000000000000000000000011111111
1111111111111111111111111111111111111111111111111111111111111111111111111111111111111111111111111111111111111111111111111111111111111111111111111111111111100000000000000000000000000000000000000000000000011111111
1111111111111111111111111111111111111111111111111111111111111111111111111111111111111111111111111111111111111111111111111111111111111111111111111111111111100000000000000000000000000000000000000000000000011111111
1111111111111111111111111111111111111111111111111111111111111111111111111111111111111111111111111111111111111111111111111111111111111111111111111111111111100000001111111000000000000000000000111111111111111111111
1111111111111111111111111111111111111111111111111111111111111111111111111111111111111111111111111111111111111111111111111111111111111111111111111111111111111111111111111111111111111111111111111111111111111111111
1111111111111111111111111111111111111111111111111111111111111111111111111111111111111111111111111111111111111111111111111111111111111111111111111111111111111111111111111111111111111111111111111111111111111111111
1111111111111111111111111111111111111111111111111111111111111111111111111111111111111111111111111111111111111111111111111111111111111111111111111111111111111111111111111111111111111111111111111111111111111111111
